    1.00   -90.00    90.00   -43.65   3476.0
 -180.00   -24.48    -6.24   -24.68    -8.86
 -179.00   -25.36    -0.02   -25.12    -2.58
 -178.00   -26.20     3.91   -25.95     3.29
 -177.00   -27.23     9.50   -27.09     8.46
 -176.00   -28.61    14.65   -28.68    14.26
 -175.00   -30.75    20.65   -30.98    20.37
 -174.00   -33.09    26.34   -33.79    25.26
 -173.00   -38.12    34.29   -37.42    33.89
 -172.00   -45.10    65.75   -43.92    67.17
 -171.00   -48.89   150.13   -48.41   158.96
 -170.00   -40.07  -173.76   -41.26  -164.28
 -169.00   -37.36  -160.25   -37.61  -166.26
 -168.00   -35.31  -158.97   -35.82  -160.46
 -167.00   -34.99  -165.04   -34.93  -164.54
 -166.00   -35.20  -172.10   -34.77  -174.72
 -165.00   -33.66   171.86   -34.51   172.91
 -164.00   -32.23   157.43   -32.38   156.18
 -163.00   -29.87   145.97   -29.74   145.02
 -162.00   -27.73   143.39   -27.80   142.67
 -161.00   -25.71   145.29   -25.80   145.28
 -160.00   -24.21   150.44   -24.33   149.98
 -159.00   -23.06   156.20   -23.18   155.63
 -158.00   -22.37   165.23   -22.36   164.88
 -157.00   -21.89   175.03   -21.90   174.23
 -156.00   -21.59  -173.37   -21.58  -173.93
 -155.00   -21.45  -161.01   -21.39  -162.17
 -154.00   -21.55  -148.01   -21.37  -148.52
 -153.00   -21.72  -134.07   -21.54  -135.84
 -152.00   -21.95  -120.41   -22.00  -122.11
 -151.00   -22.51  -106.71   -22.67  -107.85
 -150.00   -23.41   -91.75   -23.38   -92.49
 -149.00   -24.25   -74.13   -24.32   -75.66
 -148.00   -25.40   -56.13   -25.36   -58.71
 -147.00   -26.65   -39.58   -26.71   -40.36
 -146.00   -28.46   -21.93   -28.44   -21.75
 -145.00   -30.86     0.57   -31.07    -1.14
 -144.00   -33.98    28.12   -33.92    27.91
 -143.00   -36.54    68.46   -36.56    72.70
 -142.00   -35.95   123.28   -36.23   123.28
 -141.00   -33.83   159.92   -33.81   159.08
 -140.00   -31.74  -177.37   -31.76  -179.96
 -139.00   -30.81  -162.00   -30.74  -166.29
 -138.00   -30.60  -145.83   -30.52  -148.45
 -137.00   -31.33  -129.97   -31.12  -130.72
 -136.00   -32.91  -114.55   -32.79  -116.29
 -135.00   -35.89   -93.53   -36.31   -87.99
 -134.00   -39.82   -53.64   -38.92   -54.95
 -133.00   -40.68    10.16   -40.83     4.55
 -132.00   -38.03    58.20   -37.86    52.67
 -131.00   -35.08    92.03   -35.22    93.12
 -130.00   -32.85   122.62   -32.91   120.67
 -129.00   -30.79   146.86   -31.10   146.58
 -128.00   -28.85   168.23   -28.66   167.34
 -127.00   -26.87  -172.64   -27.03  -172.74
 -126.00   -25.97  -156.51   -25.81  -158.04
 -125.00   -24.96  -139.94   -25.05  -139.82
 -124.00   -24.58  -121.69   -24.57  -122.86
 -123.00   -24.08  -102.65   -24.22  -104.00
 -122.00   -23.64   -81.25   -23.87   -82.94
 -121.00   -23.21   -59.61   -23.28   -60.78
 -120.00   -22.68   -39.60   -22.64   -40.27
 -119.00   -22.02   -20.69   -22.05   -22.40
 -118.00   -21.58    -0.85   -21.69    -3.52
 -117.00   -21.25    17.72   -21.27    16.41
 -116.00   -21.07    36.45   -21.01    35.86
 -115.00   -20.71    55.95   -20.72    53.11
 -114.00   -20.45    73.92   -20.51    72.69
 -113.00   -20.40    91.09   -20.44    90.65
 -112.00   -20.52   107.74   -20.50   107.25
 -111.00   -20.99   124.85   -20.98   123.87
 -110.00   -21.81   144.83   -21.84   142.87
 -109.00   -22.63   168.95   -22.54   167.91
 -108.00   -22.80  -164.01   -22.71  -165.52
 -107.00   -22.12  -141.40   -22.29  -141.77
 -106.00   -21.21  -118.96   -21.27  -118.26
 -105.00   -20.39  -100.31   -20.61  -100.44
 -104.00   -19.93   -84.13   -20.23   -84.44
 -103.00   -20.00   -67.48   -20.11   -67.35
 -102.00   -20.13   -50.03   -20.22   -50.36
 -101.00   -20.41   -31.47   -20.47   -32.33
 -100.00   -20.73   -13.86   -20.79   -13.45
  -99.00   -21.03     6.87   -21.09     5.59
  -98.00   -21.63    26.17   -21.47    25.29
  -97.00   -22.20    46.65   -22.04    46.09
  -96.00   -22.58    69.36   -22.53    68.65
  -95.00   -22.64    94.68   -22.89    94.00
  -94.00   -22.45   120.25   -22.36   119.25
  -93.00   -21.67   142.65   -21.65   142.75
  -92.00   -20.69   163.13   -20.56   162.72
  -91.00   -19.97  -179.49   -19.96   179.00
  -90.00   -19.38  -163.37   -19.46  -162.60
  -89.00   -19.07  -145.44   -19.16  -146.31
  -88.00   -18.86  -127.96   -18.86  -127.99
  -87.00   -18.51  -109.77   -18.52  -109.31
  -86.00   -17.89   -91.20   -17.92   -91.37
  -85.00   -17.23   -74.73   -17.32   -74.70
  -84.00   -16.67   -59.45   -16.66   -59.74
  -83.00   -16.19   -45.19   -16.25   -45.01
  -82.00   -15.93   -29.63   -15.90   -30.88
  -81.00   -15.61   -14.35   -15.61   -14.69
  -80.00   -15.22     2.96   -15.23     1.63
  -79.00   -14.74    18.65   -14.74    17.77
  -78.00   -14.11    33.87   -14.18    32.57
  -77.00   -13.49    48.19   -13.50    47.49
  -76.00   -12.90    61.79   -12.96    60.99
  -75.00   -12.41    73.56   -12.40    73.27
  -74.00   -12.08    85.64   -12.12    85.46
  -73.00   -11.77    97.78   -11.79    97.58
  -72.00   -11.59   111.11   -11.60   109.45
  -71.00   -11.39   123.71   -11.45   121.93
  -70.00   -11.11   136.78   -11.14   135.31
  -69.00   -10.75   149.31   -10.80   148.44
  -68.00   -10.34   161.65   -10.34   160.77
  -67.00    -9.88   172.99    -9.92   172.02
  -66.00    -9.45  -176.36    -9.47  -176.57
  -65.00    -9.09  -165.18    -9.07  -165.60
  -64.00    -8.73  -154.32    -8.76  -154.36
  -63.00    -8.47  -143.36    -8.46  -144.37
  -62.00    -8.18  -133.08    -8.21  -133.46
  -61.00    -7.89  -121.76    -7.90  -122.13
  -60.00    -7.57  -111.75    -7.58  -112.44
  -59.00    -7.22  -101.13    -7.23  -102.11
  -58.00    -6.83   -91.12    -6.87   -91.67
  -57.00    -6.47   -81.23    -6.49   -81.98
  -56.00    -6.12   -72.92    -6.14   -73.26
  -55.00    -5.79   -64.51    -5.83   -65.68
  -54.00    -5.50   -55.96    -5.52   -56.53
  -53.00    -5.23   -47.23    -5.28   -47.61
  -52.00    -5.02   -38.63    -5.03   -39.00
  -51.00    -4.76   -30.73    -4.76   -30.95
  -50.00    -4.42   -22.80    -4.44   -22.61
  -49.00    -4.08   -15.27    -4.09   -15.23
  -48.00    -3.76    -8.42    -3.78    -8.69
  -47.00    -3.48    -1.89    -3.49    -2.10
  -46.00    -3.26     4.63    -3.27     3.83
  -45.00    -3.09    10.38    -3.12    10.20
  -44.00    -3.01    16.71    -3.02    16.29
  -43.00    -2.94    23.03    -2.95    22.47
  -42.00    -2.88    29.44    -2.88    29.30
  -41.00    -2.77    36.30    -2.78    36.17
  -40.00    -2.62    42.28    -2.65    42.12
  -39.00    -2.45    48.12    -2.47    47.17
  -38.00    -2.25    53.66    -2.26    53.06
  -37.00    -2.08    59.09    -2.10    58.12
  -36.00    -1.96    62.96    -1.95    62.52
  -35.00    -1.87    67.97    -1.88    66.91
  -34.00    -1.81    72.53    -1.82    71.68
  -33.00    -1.77    77.17    -1.77    76.40
  -32.00    -1.72    81.47    -1.73    80.27
  -31.00    -1.65    85.78    -1.67    84.75
  -30.00    -1.56    89.63    -1.59    88.97
  -29.00    -1.49    93.09    -1.50    92.40
  -28.00    -1.41    95.82    -1.41    95.92
  -27.00    -1.32    98.45    -1.33    98.51
  -26.00    -1.23   101.34    -1.23   101.07
  -25.00    -1.14   103.44    -1.14   103.48
  -24.00    -1.05   105.35    -1.06   105.18
  -23.00    -0.96   106.81    -0.98   106.67
  -22.00    -0.88   108.33    -0.88   107.97
  -21.00    -0.79   109.47    -0.81   109.23
  -20.00    -0.73   109.88    -0.75   109.54
  -19.00    -0.67   109.63    -0.67   109.34
  -18.00    -0.62   109.44    -0.64   109.12
  -17.00    -0.59   109.07    -0.59   108.64
  -16.00    -0.55   108.20    -0.55   108.16
  -15.00    -0.52   106.97    -0.52   106.38
  -14.00    -0.50   105.13    -0.50   105.00
  -13.00    -0.47   103.69    -0.48   103.30
  -12.00    -0.47   101.00    -0.49   100.97
  -11.00    -0.48    98.67    -0.48    98.46
  -10.00    -0.50    96.07    -0.50    96.06
   -9.00    -0.51    93.45    -0.50    93.44
   -8.00    -0.50    89.94    -0.51    90.35
   -7.00    -0.47    86.83    -0.49    87.10
   -6.00    -0.45    83.32    -0.46    83.33
   -5.00    -0.39    79.62    -0.40    79.55
   -4.00    -0.33    76.06    -0.35    75.95
   -3.00    -0.26    72.10    -0.29    71.90
   -2.00    -0.21    67.90    -0.22    67.79
   -1.00    -0.17    63.32    -0.18    63.55
    0.00    -0.12    59.07    -0.14    59.15
    1.00    -0.09    54.69    -0.11    54.38
    2.00    -0.06    49.77    -0.08    49.79
    3.00    -0.04    44.53    -0.05    44.43
    4.00    -0.03    38.65    -0.04    38.77
    5.00    -0.02    32.70    -0.03    33.30
    6.00    -0.00    26.88    -0.02    27.05
    7.00    -0.00    20.28    -0.01    20.47
    8.00    -0.01    13.03    -0.03    13.39
    9.00    -0.04     6.65    -0.05     6.70
   10.00    -0.08    -0.36    -0.09    -0.71
   11.00    -0.12    -7.75    -0.13    -8.16
   12.00    -0.19   -15.66    -0.19   -16.23
   13.00    -0.22   -26.22    -0.23   -26.46
   14.00    -0.29   -34.91    -0.29   -34.99
   15.00    -0.40   -43.31    -0.40   -43.42
   16.00    -0.53   -50.79    -0.53   -51.20
   17.00    -0.64   -58.73    -0.65   -58.50
   18.00    -0.76   -67.78    -0.77   -67.81
   19.00    -0.88   -76.86    -0.90   -76.89
   20.00    -1.00   -86.47    -1.03   -86.42
   21.00    -1.12   -96.42    -1.15   -96.05
   22.00    -1.22  -106.37    -1.24  -106.25
   23.00    -1.31  -116.45    -1.32  -116.62
   24.00    -1.36  -126.71    -1.37  -126.56
   25.00    -1.40  -137.37    -1.42  -137.17
   26.00    -1.40  -148.55    -1.43  -148.55
   27.00    -1.38  -159.27    -1.40  -159.66
   28.00    -1.34  -170.94    -1.34  -170.67
   29.00    -1.25   178.13    -1.28   178.16
   30.00    -1.17   166.70    -1.17   166.49
   31.00    -1.06   154.90    -1.07   154.89
   32.00    -0.95   143.11    -0.97   142.76
   33.00    -0.86   131.35    -0.87   131.56
   34.00    -0.78   119.51    -0.80   119.73
   35.00    -0.75   107.40    -0.76   107.62
   36.00    -0.75    94.96    -0.77    95.31
   37.00    -0.77    82.88    -0.78    83.37
   38.00    -0.80    70.76    -0.83    70.97
   39.00    -0.88    57.79    -0.89    58.43
   40.00    -0.96    45.09    -0.98    45.39
   41.00    -1.07    31.60    -1.08    32.33
   42.00    -1.18    17.91    -1.19    18.34
   43.00    -1.29     4.34    -1.31     3.69
   44.00    -1.41    -8.66    -1.42    -9.80
   45.00    -1.53   -22.22    -1.52   -22.26
   46.00    -1.66   -35.31    -1.67   -37.22
   47.00    -1.82   -48.74    -1.83   -48.98
   48.00    -2.01   -62.42    -2.02   -62.01
   49.00    -2.21   -75.43    -2.24   -75.24
   50.00    -2.44   -88.98    -2.49   -88.60
   51.00    -2.72  -102.88    -2.75  -102.99
   52.00    -3.01  -116.00    -3.04  -116.43
   53.00    -3.30  -129.25    -3.33  -129.46
   54.00    -3.63  -143.54    -3.63  -143.24
   55.00    -3.95  -157.22    -3.98  -157.91
   56.00    -4.30  -170.70    -4.30  -171.36
   57.00    -4.66   175.39    -4.70   174.52
   58.00    -5.10   160.61    -5.10   160.42
   59.00    -5.52   146.15    -5.56   145.57
   60.00    -5.94   132.58    -5.95   132.13
   61.00    -6.36   117.98    -6.39   118.01
   62.00    -6.80   103.19    -6.80   103.50
   63.00    -7.21    88.90    -7.23    88.47
   64.00    -7.60    74.66    -7.57    74.64
   65.00    -7.94    59.19    -7.97    59.98
   66.00    -8.31    44.92    -8.34    44.98
   67.00    -8.69    29.50    -8.73    29.60
   68.00    -9.05    14.26    -9.05    14.97
   69.00    -9.33    -1.49    -9.33    -0.69
   70.00    -9.56   -16.65    -9.55   -16.55
   71.00    -9.79   -31.07    -9.80   -31.44
   72.00   -10.04   -45.77   -10.06   -45.82
   73.00   -10.36   -60.74   -10.35   -60.83
   74.00   -10.69   -75.67   -10.68   -75.52
   75.00   -11.12   -90.43   -11.16   -90.86
   76.00   -11.61  -105.69   -11.61  -105.63
   77.00   -12.08  -120.97   -12.08  -120.97
   78.00   -12.52  -137.90   -12.54  -137.36
   79.00   -12.96  -153.74   -13.00  -153.77
   80.00   -13.37  -170.39   -13.38  -169.89
   81.00   -13.72   173.12   -13.75   173.57
   82.00   -13.93   156.36   -14.03   156.59
   83.00   -14.24   139.89   -14.26   139.69
   84.00   -14.46   123.06   -14.46   122.61
   85.00   -14.60   105.87   -14.59   106.31
   86.00   -14.66    89.45   -14.70    89.93
   87.00   -14.69    73.35   -14.75    73.12
   88.00   -14.80    57.51   -14.82    57.17
   89.00   -14.97    43.00   -14.91    42.28
   90.00   -15.26    28.35   -15.32    27.33
   91.00   -15.73    13.93   -15.74    13.00
   92.00   -16.34    -1.70   -16.32    -2.30
   93.00   -17.02   -17.50   -16.98   -18.40
   94.00   -17.73   -36.52   -17.70   -37.02
   95.00   -18.23   -56.39   -18.28   -56.93
   96.00   -18.56   -76.45   -18.50   -76.49
   97.00   -18.44   -96.68   -18.55   -97.26
   98.00   -18.26  -117.02   -18.31  -117.30
   99.00   -17.76  -135.91   -17.69  -136.57
  100.00   -17.22  -153.10   -17.27  -153.70
  101.00   -16.72  -169.13   -16.75  -169.76
  102.00   -16.43   175.64   -16.40   175.25
  103.00   -16.14   160.93   -16.13   160.65
  104.00   -16.07   146.87   -16.04   146.54
  105.00   -15.99   133.16   -15.96   132.91
  106.00   -15.97   119.24   -15.99   119.19
  107.00   -16.22   104.60   -16.14   104.65
  108.00   -16.40    90.29   -16.42    90.71
  109.00   -16.65    75.80   -16.73    75.95
  110.00   -16.88    60.50   -16.93    60.40
  111.00   -17.06    44.75   -17.16    44.77
  112.00   -17.32    29.45   -17.28    29.76
  113.00   -17.44    13.78   -17.48    14.13
  114.00   -17.54    -2.33   -17.57    -2.17
  115.00   -17.70   -17.18   -17.67   -18.05
  116.00   -17.73   -32.29   -17.72   -32.15
  117.00   -17.79   -46.44   -17.71   -47.35
  118.00   -17.81   -61.21   -17.81   -61.23
  119.00   -17.94   -74.89   -17.85   -75.06
  120.00   -17.90   -88.76   -17.83   -88.84
  121.00   -18.09  -101.48   -17.99  -102.19
  122.00   -18.16  -115.25   -18.17  -115.24
  123.00   -18.31  -128.33   -18.22  -128.42
  124.00   -18.32  -140.54   -18.39  -141.29
  125.00   -18.46  -153.42   -18.56  -153.36
  126.00   -18.58  -165.23   -18.59  -165.88
  127.00   -18.78  -176.70   -18.80  -176.93
  128.00   -18.92   171.73   -19.03   172.05
  129.00   -19.38   161.87   -19.46   161.45
  130.00   -19.97   150.80   -19.96   150.46
  131.00   -20.80   140.22   -20.74   139.51
  132.00   -21.82   129.55   -21.66   128.61
  133.00   -22.95   118.02   -23.05   117.69
  134.00   -24.37   105.05   -24.36   103.76
  135.00   -25.90    89.76   -25.68    88.25
  136.00   -27.47    71.24   -27.22    71.01
  137.00   -28.72    48.74   -28.61    49.22
  138.00   -29.08    27.24   -29.02    26.72
  139.00   -28.91     2.41   -28.63     4.64
  140.00   -27.82   -15.88   -28.04   -14.69
  141.00   -27.25   -30.07   -26.94   -28.50
  142.00   -26.34   -39.82   -26.14   -40.00
  143.00   -25.72   -47.54   -25.75   -48.84
  144.00   -25.63   -55.19   -25.59   -55.16
  145.00   -25.64   -62.14   -25.74   -62.37
  146.00   -26.08   -68.84   -26.04   -68.91
  147.00   -27.00   -75.37   -27.23   -77.21
  148.00   -28.36   -83.82   -28.51   -84.75
  149.00   -30.02   -94.99   -30.45   -95.17
  150.00   -32.37  -109.02   -32.72  -107.55
  151.00   -35.34  -131.69   -35.34  -132.42
  152.00   -37.69  -158.63   -36.86  -162.11
  153.00   -37.32   166.74   -37.44   162.98
  154.00   -36.58   138.44   -36.68   138.35
  155.00   -34.79   120.33   -34.81   118.61
  156.00   -33.86   108.19   -33.64   104.94
  157.00   -33.16    98.12   -32.67    94.32
  158.00   -32.59    86.64   -31.95    89.07
  159.00   -32.54    81.65   -32.44    81.57
  160.00   -32.95    79.27   -32.60    77.02
  161.00   -33.50    73.97   -33.58    70.05
  162.00   -34.36    65.81   -33.85    68.55
  163.00   -35.28    60.44   -35.12    63.46
  164.00   -37.39    54.22   -36.28    58.88
  165.00   -38.70    37.63   -38.28    38.11
  166.00   -39.32    11.88   -39.18    13.92
  167.00   -38.84    -8.18   -38.25    -6.04
  168.00   -36.20   -25.99   -35.88   -20.51
  169.00   -34.00   -36.60   -33.36   -31.91
  170.00   -31.34   -37.88   -31.55   -40.28
  171.00   -29.41   -38.67   -29.14   -39.96
  172.00   -27.70   -39.85   -27.78   -39.55
  173.00   -26.75   -36.21   -26.65   -38.21
  174.00   -25.70   -34.55   -25.74   -34.34
  175.00   -24.97   -32.22   -25.03   -31.98
  176.00   -24.57   -28.41   -24.48   -28.81
  177.00   -24.48   -24.34   -24.52   -24.92
  178.00   -24.35   -20.28   -24.41   -20.17
  179.00   -24.49   -15.07   -24.57   -15.07
  180.00   -25.06    -8.40   -25.03    -9.78
