    1.00   -90.00    90.00   -42.03   3476.0
 -180.00   -25.54   179.65   -25.68  -179.81
 -179.00   -25.98   166.56   -25.94   166.35
 -178.00   -25.83   154.70   -25.96   154.70
 -177.00   -25.36   146.39   -25.55   145.88
 -176.00   -24.82   139.31   -24.69   138.86
 -175.00   -23.80   133.83   -23.92   134.27
 -174.00   -23.12   130.00   -23.24   129.54
 -173.00   -22.24   128.60   -22.37   127.77
 -172.00   -21.77   126.56   -21.78   126.65
 -171.00   -21.43   126.31   -21.39   126.03
 -170.00   -21.18   126.12   -21.17   125.53
 -169.00   -21.21   125.65   -21.28   125.15
 -168.00   -21.65   124.96   -21.64   124.43
 -167.00   -22.34   122.06   -22.43   122.45
 -166.00   -23.58   117.60   -23.64   117.74
 -165.00   -25.14   107.59   -25.12   107.66
 -164.00   -26.41    90.82   -26.06    91.32
 -163.00   -25.99    68.98   -25.92    69.68
 -162.00   -24.29    52.03   -24.27    51.21
 -161.00   -22.29    42.50   -22.24    41.96
 -160.00   -20.54    38.64   -20.60    39.51
 -159.00   -19.36    37.89   -19.37    38.18
 -158.00   -18.45    39.75   -18.39    40.02
 -157.00   -17.98    42.26   -18.04    41.86
 -156.00   -17.99    45.82   -17.92    45.73
 -155.00   -18.16    50.29   -18.10    49.51
 -154.00   -18.73    54.38   -18.76    53.56
 -153.00   -19.70    59.00   -19.76    59.45
 -152.00   -20.89    64.12   -20.82    63.98
 -151.00   -22.26    68.12   -22.29    68.50
 -150.00   -24.02    73.44   -23.93    73.63
 -149.00   -25.71    76.28   -25.72    76.02
 -148.00   -27.44    75.57   -27.61    77.56
 -147.00   -29.27    79.05   -29.20    79.28
 -146.00   -30.01    80.25   -29.79    80.73
 -145.00   -30.02    87.05   -29.86    86.10
 -144.00   -29.63    96.38   -29.65    96.59
 -143.00   -28.54   112.01   -28.66   109.33
 -142.00   -26.80   122.49   -26.86   123.20
 -141.00   -25.12   135.07   -25.13   135.13
 -140.00   -23.41   145.49   -23.49   145.42
 -139.00   -22.12   153.50   -22.06   153.68
 -138.00   -21.08   162.49   -21.07   162.28
 -137.00   -20.48   169.87   -20.54   170.49
 -136.00   -20.42   177.05   -20.47   177.22
 -135.00   -20.74  -174.88   -20.78  -174.70
 -134.00   -21.46  -167.10   -21.52  -166.25
 -133.00   -22.58  -158.46   -22.61  -158.33
 -132.00   -24.07  -150.02   -23.91  -149.08
 -131.00   -25.66  -137.33   -25.72  -135.48
 -130.00   -27.67  -121.95   -27.64  -123.42
 -129.00   -29.99  -108.01   -29.89  -107.28
 -128.00   -32.62   -94.60   -32.89   -95.90
 -127.00   -36.80   -93.39   -36.45   -96.87
 -126.00   -40.06  -124.32   -39.94  -119.10
 -125.00   -36.24  -152.17   -35.75  -153.28
 -124.00   -32.39  -156.08   -31.87  -156.37
 -123.00   -29.30  -148.28   -29.46  -150.97
 -122.00   -27.32  -141.13   -27.37  -141.06
 -121.00   -25.74  -130.83   -25.87  -131.24
 -120.00   -24.57  -118.80   -24.60  -119.17
 -119.00   -23.75  -106.56   -23.69  -106.17
 -118.00   -23.12   -92.14   -23.11   -92.19
 -117.00   -22.77   -77.78   -22.75   -76.99
 -116.00   -22.92   -62.60   -22.98   -62.64
 -115.00   -23.67   -44.32   -23.37   -44.50
 -114.00   -24.19   -21.71   -24.20   -21.46
 -113.00   -24.27     5.97   -24.21     6.29
 -112.00   -23.33    35.39   -23.43    35.41
 -111.00   -21.81    59.56   -21.78    59.27
 -110.00   -20.24    78.37   -20.26    78.27
 -109.00   -19.08    94.37   -19.13    94.44
 -108.00   -18.43   108.70   -18.44   107.64
 -107.00   -18.16   121.24   -18.22   120.53
 -106.00   -18.26   136.72   -18.29   136.27
 -105.00   -18.70   153.08   -18.75   153.03
 -104.00   -19.17   172.45   -19.17   171.85
 -103.00   -19.43  -166.26   -19.46  -165.39
 -102.00   -19.23  -141.70   -19.31  -141.82
 -101.00   -18.74  -120.44   -18.75  -119.76
 -100.00   -17.93   -99.18   -17.98   -98.81
  -99.00   -17.24   -81.05   -17.21   -81.27
  -98.00   -16.53   -63.82   -16.53   -63.06
  -97.00   -15.99   -47.44   -16.01   -47.20
  -96.00   -15.62   -30.93   -15.67   -31.13
  -95.00   -15.43   -15.54   -15.40   -15.20
  -94.00   -15.19     1.75   -15.21     1.71
  -93.00   -15.01    19.43   -15.05    18.93
  -92.00   -14.82    35.95   -14.85    36.09
  -91.00   -14.76    50.83   -14.77    52.59
  -90.00   -14.74    68.48   -14.78    67.83
  -89.00   -14.84    85.59   -14.82    86.05
  -88.00   -14.93   104.85   -14.95   104.54
  -87.00   -14.95   123.77   -14.90   124.40
  -86.00   -14.65   145.75   -14.60   144.71
  -85.00   -14.11   165.65   -14.18   165.20
  -84.00   -13.48  -176.10   -13.56  -176.29
  -83.00   -12.86  -159.16   -12.89  -158.60
  -82.00   -12.25  -142.18   -12.27  -141.95
  -81.00   -11.74  -125.14   -11.77  -125.13
  -80.00   -11.37  -109.83   -11.37  -109.47
  -79.00   -10.98   -93.30   -10.99   -92.61
  -78.00   -10.56   -76.06   -10.55   -75.74
  -77.00   -10.05   -58.43   -10.09   -58.99
  -76.00    -9.52   -41.62    -9.54   -42.03
  -75.00    -8.94   -25.78    -8.96   -25.89
  -74.00    -8.39   -10.28    -8.42   -10.30
  -73.00    -7.91     5.27    -7.92     5.68
  -72.00    -7.50    20.43    -7.54    19.94
  -71.00    -7.14    34.82    -7.15    34.57
  -70.00    -6.79    49.61    -6.86    49.48
  -69.00    -6.49    64.42    -6.53    63.51
  -68.00    -6.18    78.86    -6.20    78.33
  -67.00    -5.87    92.74    -5.88    92.27
  -66.00    -5.56   107.19    -5.58   107.16
  -65.00    -5.24   121.65    -5.26   121.17
  -64.00    -4.92   136.88    -4.95   136.58
  -63.00    -4.65   151.04    -4.67   150.66
  -62.00    -4.35   165.61    -4.39   165.11
  -61.00    -4.09   179.58    -4.12   179.11
  -60.00    -3.83  -166.10    -3.84  -166.37
  -59.00    -3.57  -152.20    -3.58  -152.75
  -58.00    -3.32  -138.25    -3.34  -138.66
  -57.00    -3.08  -123.52    -3.12  -123.64
  -56.00    -2.87  -110.30    -2.87  -110.69
  -55.00    -2.66   -97.57    -2.67   -97.85
  -54.00    -2.46   -83.46    -2.49   -83.72
  -53.00    -2.30   -70.15    -2.34   -69.94
  -52.00    -2.17   -56.88    -2.21   -56.73
  -51.00    -2.08   -44.19    -2.10   -43.97
  -50.00    -1.97   -30.25    -1.99   -29.86
  -49.00    -1.88   -16.80    -1.90   -16.69
  -48.00    -1.78    -3.82    -1.81    -4.39
  -47.00    -1.73     8.69    -1.75     8.51
  -46.00    -1.70    22.12    -1.73    21.60
  -45.00    -1.74    34.41    -1.77    34.50
  -44.00    -1.83    47.43    -1.86    47.02
  -43.00    -1.93    61.38    -1.95    60.99
  -42.00    -1.99    75.34    -2.00    74.67
  -41.00    -1.95    89.56    -1.98    89.33
  -40.00    -1.84   103.24    -1.86   103.09
  -39.00    -1.66   116.56    -1.68   116.29
  -38.00    -1.47   129.71    -1.47   129.73
  -37.00    -1.28   142.54    -1.30   141.96
  -36.00    -1.14   154.34    -1.17   154.04
  -35.00    -1.06   165.95    -1.08   165.95
  -34.00    -1.00   178.24    -1.02   178.07
  -33.00    -0.93  -169.64    -0.94  -169.82
  -32.00    -0.85  -158.02    -0.87  -158.63
  -31.00    -0.76  -146.55    -0.77  -146.96
  -30.00    -0.67  -135.43    -0.68  -135.68
  -29.00    -0.61  -124.42    -0.63  -124.79
  -28.00    -0.57  -114.19    -0.60  -114.47
  -27.00    -0.55  -103.88    -0.60  -103.85
  -26.00    -0.56   -92.73    -0.59   -92.66
  -25.00    -0.57   -81.77    -0.60   -81.94
  -24.00    -0.56   -71.18    -0.59   -71.40
  -23.00    -0.53   -60.97    -0.56   -61.22
  -22.00    -0.49   -50.45    -0.50   -50.85
  -21.00    -0.44   -40.02    -0.45   -40.44
  -20.00    -0.37   -30.04    -0.39   -30.67
  -19.00    -0.29   -21.56    -0.31   -21.89
  -18.00    -0.22   -11.86    -0.24   -12.19
  -17.00    -0.14    -2.90    -0.17    -3.17
  -16.00    -0.08     5.67    -0.10     5.28
  -15.00    -0.03    13.91    -0.05    13.45
  -14.00    -0.00    22.05    -0.02    21.60
  -13.00     0.00    29.91    -0.02    29.54
  -12.00    -0.01    37.65    -0.04    37.21
  -11.00    -0.04    45.11    -0.06    44.57
  -10.00    -0.08    52.43    -0.11    52.16
   -9.00    -0.12    59.94    -0.15    59.57
   -8.00    -0.17    66.94    -0.19    66.55
   -7.00    -0.21    73.74    -0.23    73.49
   -6.00    -0.25    80.50    -0.27    80.25
   -5.00    -0.25    87.01    -0.27    86.81
   -4.00    -0.25    93.30    -0.27    92.95
   -3.00    -0.21    99.06    -0.24    98.67
   -2.00    -0.18   104.50    -0.21   104.02
   -1.00    -0.15   109.55    -0.17   109.05
    0.00    -0.14   114.10    -0.16   113.42
    1.00    -0.13   118.19    -0.16   117.66
    2.00    -0.16   122.29    -0.17   121.98
    3.00    -0.20   126.10    -0.21   125.50
    4.00    -0.25   129.32    -0.26   128.79
    5.00    -0.32   132.63    -0.34   132.11
    6.00    -0.40   135.95    -0.41   135.35
    7.00    -0.49   138.59    -0.51   138.31
    8.00    -0.59   141.24    -0.62   140.94
    9.00    -0.69   144.06    -0.72   143.81
   10.00    -0.80   146.63    -0.81   146.27
   11.00    -0.88   148.92    -0.90   148.55
   12.00    -0.95   150.63    -0.97   150.26
   13.00    -0.96   150.82    -0.96   150.34
   14.00    -0.98   151.58    -0.98   151.22
   15.00    -1.06   152.62    -1.05   152.09
   16.00    -1.17   153.56    -1.16   152.90
   17.00    -1.28   154.01    -1.29   153.52
   18.00    -1.42   154.64    -1.43   154.40
   19.00    -1.52   154.84    -1.55   154.63
   20.00    -1.63   154.54    -1.64   154.06
   21.00    -1.74   153.65    -1.75   153.28
   22.00    -1.84   153.13    -1.85   152.72
   23.00    -1.93   152.05    -1.95   151.53
   24.00    -2.03   150.80    -2.04   150.33
   25.00    -2.14   149.14    -2.14   148.47
   26.00    -2.24   146.75    -2.25   146.11
   27.00    -2.36   144.61    -2.37   143.93
   28.00    -2.49   141.27    -2.49   140.58
   29.00    -2.62   137.75    -2.63   137.06
   30.00    -2.78   133.41    -2.80   132.88
   31.00    -2.94   128.68    -2.97   128.02
   32.00    -3.16   123.39    -3.17   122.99
   33.00    -3.37   118.42    -3.38   117.89
   34.00    -3.62   112.71    -3.62   112.12
   35.00    -3.88   106.64    -3.90   106.11
   36.00    -4.15   100.84    -4.16   100.54
   37.00    -4.43    94.97    -4.44    94.61
   38.00    -4.70    89.32    -4.70    88.87
   39.00    -4.98    83.73    -4.99    83.34
   40.00    -5.22    78.36    -5.22    78.14
   41.00    -5.45    72.81    -5.46    72.48
   42.00    -5.65    67.55    -5.68    67.20
   43.00    -5.85    61.79    -5.85    61.36
   44.00    -6.02    55.88    -6.00    55.80
   45.00    -6.15    50.18    -6.14    49.93
   46.00    -6.28    43.68    -6.29    43.29
   47.00    -6.42    36.71    -6.42    36.45
   48.00    -6.55    29.49    -6.54    28.95
   49.00    -6.71    21.94    -6.72    21.75
   50.00    -6.92    13.15    -6.92    12.84
   51.00    -7.14     3.64    -7.13     3.19
   52.00    -7.38    -5.78    -7.37    -6.26
   53.00    -7.60   -15.45    -7.62   -16.23
   54.00    -7.81   -26.61    -7.81   -26.90
   55.00    -7.97   -38.22    -7.98   -38.70
   56.00    -8.09   -49.82    -8.12   -50.31
   57.00    -8.23   -61.81    -8.26   -62.30
   58.00    -8.36   -73.35    -8.36   -73.94
   59.00    -8.51   -84.85    -8.52   -85.83
   60.00    -8.65   -97.03    -8.67   -97.27
   61.00    -8.85  -108.07    -8.88  -108.34
   62.00    -9.06  -120.38    -9.12  -120.55
   63.00    -9.36  -132.41    -9.39  -132.92
   64.00    -9.69  -144.34    -9.75  -144.47
   65.00   -10.05  -156.97   -10.09  -157.43
   66.00   -10.37  -170.21   -10.40  -170.67
   67.00   -10.60   176.15   -10.64   175.49
   68.00   -10.69   163.15   -10.72   162.50
   69.00   -10.73   150.11   -10.73   149.58
   70.00   -10.71   137.55   -10.73   137.14
   71.00   -10.70   126.70   -10.68   126.22
   72.00   -10.73   116.00   -10.76   115.60
   73.00   -10.89   106.01   -10.88   105.26
   74.00   -11.12    94.70   -11.16    94.50
   75.00   -11.41    84.06   -11.48    83.37
   76.00   -11.74    72.84   -11.78    72.19
   77.00   -12.12    60.95   -12.12    60.05
   78.00   -12.48    48.25   -12.46    47.55
   79.00   -12.80    34.73   -12.79    34.08
   80.00   -13.05    20.67   -13.08    20.35
   81.00   -13.25     6.53   -13.24     6.25
   82.00   -13.35    -8.13   -13.36    -8.73
   83.00   -13.27   -23.04   -13.31   -23.98
   84.00   -13.18   -37.17   -13.19   -37.65
   85.00   -13.07   -50.29   -13.11   -51.33
   86.00   -13.04   -64.20   -13.03   -64.37
   87.00   -13.05   -77.31   -13.02   -77.74
   88.00   -13.23   -89.64   -13.21   -90.23
   89.00   -13.44  -103.00   -13.48  -103.55
   90.00   -13.79  -117.81   -13.80  -118.45
   91.00   -14.08  -132.50   -14.12  -133.29
   92.00   -14.39  -149.17   -14.37  -149.24
   93.00   -14.54  -165.03   -14.58  -166.11
   94.00   -14.58   176.87   -14.62   176.59
   95.00   -14.56   160.17   -14.55   159.63
   96.00   -14.43   142.59   -14.45   142.15
   97.00   -14.20   125.87   -14.26   125.37
   98.00   -13.91   108.40   -13.90   108.46
   99.00   -13.50    92.31   -13.53    91.59
  100.00   -13.05    76.24   -13.10    75.49
  101.00   -12.59    61.36   -12.62    60.83
  102.00   -12.12    46.60   -12.15    46.46
  103.00   -11.74    33.74   -11.77    33.53
  104.00   -11.48    21.14   -11.51    20.92
  105.00   -11.36     7.67   -11.38     7.89
  106.00   -11.28    -5.50   -11.36    -5.56
  107.00   -11.26   -18.90   -11.34   -19.49
  108.00   -11.29   -32.14   -11.35   -32.27
  109.00   -11.32   -44.42   -11.36   -45.25
  110.00   -11.47   -57.75   -11.51   -58.43
  111.00   -11.77   -70.54   -11.82   -71.29
  112.00   -12.20   -84.11   -12.26   -84.35
  113.00   -12.77   -97.95   -12.77   -98.33
  114.00   -13.34  -113.73   -13.42  -113.66
  115.00   -13.88  -130.42   -13.95  -130.30
  116.00   -14.24  -148.26   -14.27  -148.44
  117.00   -14.35  -167.12   -14.40  -167.79
  118.00   -14.21   173.79   -14.25   173.57
  119.00   -13.88   156.80   -13.87   156.27
  120.00   -13.49   141.45   -13.50   140.90
  121.00   -13.15   127.51   -13.12   127.05
  122.00   -12.83   113.98   -12.86   113.52
  123.00   -12.68   101.42   -12.70   100.81
  124.00   -12.72    87.88   -12.72    87.72
  125.00   -12.80    75.68   -12.83    75.15
  126.00   -13.07    62.06   -13.06    61.75
  127.00   -13.44    49.39   -13.45    48.45
  128.00   -13.82    35.27   -13.91    34.14
  129.00   -14.35    20.61   -14.35    19.36
  130.00   -14.83     4.31   -14.82     3.33
  131.00   -15.14   -11.96   -15.12   -12.69
  132.00   -15.39   -28.23   -15.45   -28.86
  133.00   -15.58   -44.41   -15.53   -45.31
  134.00   -15.70   -61.38   -15.69   -61.64
  135.00   -15.76   -77.35   -15.73   -78.29
  136.00   -15.78   -93.29   -15.72   -94.29
  137.00   -15.65  -109.57   -15.55  -110.42
  138.00   -15.32  -125.95   -15.23  -126.52
  139.00   -14.82  -141.04   -14.77  -141.41
  140.00   -14.24  -154.49   -14.20  -154.73
  141.00   -13.78  -166.42   -13.74  -166.93
  142.00   -13.37  -177.49   -13.35  -177.36
  143.00   -13.15   172.63   -13.15   172.53
  144.00   -13.04   163.14   -13.07   162.72
  145.00   -13.10   153.63   -13.16   153.28
  146.00   -13.38   143.20   -13.35   143.18
  147.00   -13.66   133.28   -13.65   133.06
  148.00   -14.03   123.13   -14.05   122.93
  149.00   -14.54   111.94   -14.50   112.10
  150.00   -15.06   100.21   -15.09   100.37
  151.00   -15.56    88.82   -15.61    88.76
  152.00   -16.13    76.99   -16.15    76.67
  153.00   -16.71    64.27   -16.63    64.27
  154.00   -17.14    52.00   -17.14    51.38
  155.00   -17.69    38.41   -17.68    38.12
  156.00   -18.09    25.39   -18.09    24.91
  157.00   -18.37    11.41   -18.40    11.88
  158.00   -18.58    -2.39   -18.62    -1.97
  159.00   -18.64   -15.47   -18.65   -15.15
  160.00   -18.63   -27.73   -18.61   -27.59
  161.00   -18.45   -38.43   -18.46   -39.16
  162.00   -18.30   -49.47   -18.34   -49.65
  163.00   -18.13   -58.47   -18.18   -57.97
  164.00   -17.98   -66.20   -18.09   -65.69
  165.00   -18.08   -72.91   -18.14   -72.95
  166.00   -18.14   -80.33   -18.14   -80.50
  167.00   -18.34   -86.78   -18.38   -87.00
  168.00   -18.57   -93.43   -18.60   -93.42
  169.00   -18.89  -100.01   -18.90  -100.60
  170.00   -19.27  -106.53   -19.32  -106.91
  171.00   -19.64  -114.07   -19.77  -114.04
  172.00   -20.09  -120.90   -20.15  -121.25
  173.00   -20.59  -127.27   -20.58  -127.46
  174.00   -21.12  -134.26   -21.25  -134.25
  175.00   -21.66  -141.49   -21.82  -141.28
  176.00   -22.45  -146.48   -22.51  -147.43
  177.00   -23.19  -153.98   -23.48  -153.90
  178.00   -24.11  -162.02   -24.35  -162.18
  179.00   -25.07  -171.15   -25.14  -171.44
  180.00   -25.66   177.83   -25.82   178.03
